PID,Sale_Price
911102090,83729.6
528168040,298560.0
909101190,142041.1
905475500,84244.0
528228270,193877.3
902207010,91217.2
902106120,87614.0
902108060,103108.2
528435030,269423.5
923228150,97643.1
535457040,126760.3
906380210,204833.9
903227070,131340.1
907227080,124787.7
907285050,196259.8
531451290,194110.4
532377130,135717.5
909428120,238237.6
533350050,329619.5
527165230,177766.9
534477270,175592.4
528250040,179882.6
905453040,172134.1
907196050,217154.6
533213010,245856.8
533135020,218663.3
534278170,141706.8
528218030,181158.0
533213020,218100.5
923205015,172874.2
528221040,204809.6
528228290,199818.2
535455080,118616.2
914476330,194063.9
531385020,203209.8
909175030,163499.6
534104100,204921.3
923228270,77928.0
909252020,139501.2
535478110,113741.4
908152280,158111.9
535300120,185476.8
534429030,109159.6
908188130,154123.6
906380110,230879.7
903227140,133521.7
533223030,175922.8
902102080,124590.5
528228445,194029.5
913350030,208263.1
902109080,115023.7
909275110,199015.8
909256060,129413.1
902128020,94001.3
535327230,125546.0
534252060,148731.6
903228070,112211.1
535179160,135213.0
528458140,281694.5
902106130,88392.8
902325100,167363.6
528431030,233174.0
902300110,104722.0
535153140,169262.9
907275090,233473.4
910203250,54864.4
527451170,121479.5
534128190,232009.5
1007100110,116858.7
535376100,104566.3
528108010,272170.2
908188140,155737.9
907250020,231214.5
907405020,216932.0
916402115,195961.7
535453150,142523.1
908128050,135364.8
527451400,90325.5
902327070,142884.5
528387030,259543.8
534128090,194576.6
527377030,169297.6
532353020,124987.9
907405140,206272.1
908152035,120899.2
531363050,139421.4
905452160,142696.8
527450150,105540.8
902301030,119091.0
527402200,147619.0
907202220,125712.4
902206040,126795.1
909425140,260363.8
911175410,58911.7
535402090,154520.3
535427070,239830.4
527107090,191214.5
902427180,126572.1
905105190,131584.1
905200290,174380.6
909428340,193926.0
923426070,140493.7
528180110,357566.5
528106050,451187.7
923201100,135432.5
905200340,199144.7
906476030,203864.4
907201220,130556.4
528120130,385182.0
528108160,284923.1
908201120,109915.7
527365030,227725.8
923225190,114174.0
910251050,76141.0
527302050,187132.0
906394060,199979.5
534176060,172297.0
527108060,320157.4
907410110,225273.5
905300020,143525.5
902328100,148361.7
902205140,109555.6
526302040,147471.7
528142150,261990.0
534201250,157079.6
907265030,239289.1
535403210,130496.0
533130020,224621.6
528429060,260336.1
535305160,110821.0
923226290,82221.8
535401080,175332.6
902329030,184089.4
907418020,169419.9
907250070,247562.2
907194020,210639.5
907425035,157632.0
905101450,145335.7
527356060,167809.9
906340080,345661.9
534127270,166913.2
905107300,160721.8
528218150,183765.5
903427120,138951.8
916326040,171487.3
924100040,220031.4
923202005,201353.2
902302150,131853.1
923201020,150637.8
527455080,149687.2
907252050,207646.1
903458170,95438.8
907252060,240670.4
526302110,113504.0
909282110,189526.0
533205110,228685.8
902402150,101629.0
907290240,141627.0
903225150,76106.8
528142020,279163.7
902205070,61746.2
528490040,233837.5
527302060,191405.1
535151100,130812.9
535402100,146574.0
528280230,222659.2
535378080,133020.6
527212040,337440.0
906203120,307497.6
528166090,415339.5
533206060,188094.3
902103150,129668.3
902105020,212036.5
906201120,228711.0
535476110,143934.4
527451410,90745.6
907192020,190299.3
907200130,120244.2
907202130,154221.6
531375110,158221.4
533212050,158869.6
527455250,119594.9
535151040,147607.8
527226010,152968.3
907290170,140823.8
910200040,108956.9
533242090,259829.9
534277060,115799.4
528480160,211173.3
905107140,139806.8
535426130,175928.7
535353140,111243.0
534478230,154868.2
528363130,334438.0
528344020,335303.4
527359160,180459.5
903454080,134432.2
910205130,138158.8
916386080,160372.3
917425190,222482.6
903201030,136649.2
903225140,116185.2
527425090,101512.9
903234160,102298.2
533254050,210937.3
534152050,220118.9
909256010,145272.1
527359050,146226.9
903228080,142535.5
531451020,211251.7
903426160,144581.8
907203010,126527.4
532354150,134252.7
902107030,131467.8
905101100,100057.4
905229040,149946.0
533206020,257470.6
528181030,193961.7
535101020,164263.1
923229100,190950.5
532353030,146918.5
907252210,241690.3
903228060,127820.9
528120100,232900.6
911370460,310604.1
528250060,182238.9
902102060,145904.5
528445060,228932.7
535150300,253538.9
534202020,135168.6
903400040,154943.0
903452090,125038.1
528366070,264930.3
534177180,243328.3
916477020,343527.0
905452110,126745.8
535425060,172888.9
528326110,303625.2
905451390,146955.4
909275040,152061.4
903458020,98254.8
528174080,221743.7
535453180,137011.9
528118050,437277.5
535452120,146580.2
907414030,184202.8
909277100,134604.6
535304100,117760.2
908152180,159650.0
527190050,193340.4
528221060,178348.6
902109010,94927.7
905403060,105937.9
532351090,131332.3
535454070,128278.1
905200280,187755.7
533236060,191202.0
907410040,198306.7
903235020,91044.6
527162130,184741.8
903401020,148890.2
528108150,273883.8
533250050,242048.4
528363110,383128.5
528235160,215503.1
907412040,192156.3
535303110,137562.5
907192150,185264.4
528142070,363102.9
923202025,203930.4
527163100,192684.5
527359080,182449.8
534479120,127725.7
907131060,169194.4
528186080,292804.3
902301120,109653.5
908188120,155967.0
907254090,232977.8
902405100,147832.9
914476500,191301.9
908152100,132090.7
905200380,98503.9
907130100,200635.7
906340110,314898.6
923205120,138020.5
528228440,183417.1
528280110,175435.7
527453060,143987.9
528218140,235855.4
909426080,179696.2
528458020,208997.6
534128210,245426.3
902300040,138512.5
907194110,191740.9
534204120,148998.9
902330090,195351.8
533254110,185463.1
905101070,107771.7
528120160,291950.4
905108220,142837.2
527355150,274494.2
923226250,89447.0
531450090,170234.9
535450190,130610.4
914476380,178049.4
905402070,111166.6
535355020,210886.6
535355100,113798.9
910203290,112703.7
908154205,486220.2
528104080,427554.2
907227100,122398.5
533208070,159057.0
532377060,116267.9
528326060,242217.5
527184020,190861.3
908201100,76880.6
534177210,159437.4
534475185,159043.5
528118040,410881.8
535352090,107495.1
907202010,153869.6
527359180,182855.4
907290140,141013.0
902106090,142068.3
527403020,137150.5
528354050,285335.0
528106010,310602.1
532378050,131583.5
906340090,380969.8
528102100,258156.3
907187060,216542.1
905403050,111817.4
535105100,174989.2
535425070,182185.8
907414020,203515.1
535454160,137505.0
534479300,120255.3
907181090,198743.8
909254140,106613.0
908154235,424784.7
902135020,96247.0
531382120,213183.6
528102130,319424.6
534250335,165885.8
527107120,189262.2
907285040,254730.6
902106040,168671.8
527451200,87974.3
906475170,229099.8
924100060,185684.5
534451170,79282.3
906201021,166736.9
528188120,160697.1
534202170,146853.1
527165020,169566.7
528292070,215271.8
909281020,131356.5
535325320,137110.7
906475100,196157.3
528429090,326151.0
910204050,170681.5
528108120,355738.6
910203090,108968.7
528250020,190374.6
528114050,362750.9
916382010,208285.1
908276150,87564.0
535453160,123329.8
909201180,106752.9
528181050,206660.0
902427140,98708.7
528181070,220707.0
905108190,135419.2
906402200,319071.9
534431050,218069.5
528118030,442544.1
528228580,240400.2
527451640,109231.6
534252070,116654.9
905202210,162422.6
902404010,138193.5
923276260,150562.0
528344070,339524.0
527357180,271385.0
528240070,223372.4
904100040,134060.5
916176125,255819.0
908130020,120649.2
914478045,151976.8
532353130,132236.9
527182190,211848.2
906382020,229104.8
527162120,193894.5
905452140,139714.0
527212050,306576.0
905352180,232124.8
902330010,125959.0
905104090,118198.7
909179020,209015.5
905107220,164873.1
535178120,137574.3
909455030,181403.6
527425060,119738.4
907418010,235402.6
528435060,246515.6
527451110,117068.7
923225510,136492.8
528439050,225860.6
528186050,288186.0
528102090,361334.4
914475010,140020.5
528174070,210330.7
909101140,137182.0
531376010,180156.4
923202220,141458.8
528186090,289176.6
535151080,136560.9
534129060,208699.1
533208050,213464.2
527254070,329887.2
534127230,174112.3
909475040,307660.1
923225370,103977.0
905101330,113368.1
903400180,187787.1
908102270,159178.9
527210060,368787.6
532378120,124899.8
903201080,161480.7
528482020,251060.1
528176070,318270.7
907200270,137640.3
906394040,222470.2
907227300,126539.6
526302120,195070.9
527405130,122198.0
531452260,172043.8
905453080,252582.9
916402215,203819.2
903235010,124869.1
535126010,200625.4
528186180,229219.0
906223090,229788.0
904301110,106565.1
907175030,230704.2
527164020,157646.1
527352150,185055.0
527425110,129045.1
908275240,111720.6
905352070,237131.5
528114010,437726.7
907250030,328015.2
528228360,212077.9
527163070,182021.0
908127100,119314.5
534403420,146052.6
535152050,223076.6
909279040,108225.5
527301170,216808.0
905402090,165042.9
911370510,304434.7
534400050,166106.7
535302200,121681.3
903455140,126827.2
904100100,207791.5
535303150,125799.4
528188020,173936.7
535175070,146560.4
906380070,340302.4
528174030,198970.1
535377150,117001.0
532476080,281349.8
527450460,105340.2
531452210,149626.1
531477040,148415.7
527216070,454484.6
923225260,172395.8
533206070,224431.4
527161010,177815.1
909451140,120154.3
534276040,121810.9
527354050,182875.8
905451410,132933.9
527252090,311110.9
905403150,144616.8
923203110,164292.4
907130060,180250.8
907125080,153708.8
535101110,137078.3
906380120,195053.1
923277030,141244.4
528102030,353468.1
916380070,327631.0
534428060,144083.8
907251100,243361.6
533244040,305160.7
906402060,240517.9
533253210,190116.6
528458150,303244.9
905100030,141224.6
532351050,127329.3
903475040,129231.6
532376180,113521.1
535151160,136940.3
907176010,193222.4
533253180,204683.9
527359010,179947.3
909282130,137559.0
907131070,201848.2
909452102,195987.8
527210050,349665.6
535175180,139426.2
923225440,91849.3
911370490,331474.7
904350045,96292.2
924100070,165439.4
535402220,180128.2
534403440,157381.2
902105060,121091.1
916384070,258792.8
528482010,259400.7
528228565,207952.2
907405130,190760.3
533212010,149974.3
527450030,101808.1
528290030,168093.8
527256040,432005.6
904301100,134289.4
902477130,53263.7
534128010,206339.0
923225390,124694.6
907131120,199175.8
533205060,246203.7
532353050,129785.0
528142040,338718.4
910203020,101028.7
903225050,102500.3
527453010,156268.8
908127120,109692.9
923230190,124561.8
535301150,140324.7
906425045,132135.9
527402090,121143.3
528172030,290567.6
903231190,116162.5
908186040,141856.6
908250040,106213.4
923225490,118391.3
903231070,128143.6
909100170,82219.1
909256020,109148.5
924152030,218547.4
534202130,147092.9
528102140,491528.9
535380010,159050.9
902201090,141479.3
528458050,200146.3
923228370,87596.4
528228550,175040.0
905476225,135100.5
527214030,379936.8
904301375,80677.1
527256030,371573.9
906226110,120440.1
528429130,271942.3
528435050,301313.6
534250400,195231.2
902204060,123679.0
527208010,350030.2
906226090,135828.1
535453200,135105.7
909250230,175008.7
903226170,128664.5
528118110,320517.3
911370500,324569.7
528120030,337485.9
907192040,216945.2
903425420,110179.8
534277090,154328.0
528240080,222223.8
527376090,150195.4
531376050,178275.0
923228180,79421.0
528290180,187821.3
909103020,97512.4
532479120,193470.7
535354200,148133.3
533350020,324252.3
527131030,270275.6
905102170,126760.1
533213120,174010.8
533208010,190379.9
528120150,284167.6
526355080,321683.3
906392070,192822.8
910205010,132295.6
527354100,200329.1
902402250,134957.7
532376170,110085.6
921128030,355466.2
528222080,169178.1
528290170,189371.6
535382020,124810.7
528480060,308692.8
528445020,223706.3
909425010,225535.9
528112020,295901.1
905427050,170341.4
533221030,189275.7
902109120,137141.5
535327210,156004.1
528110100,401819.7
905451050,151734.3
535426150,136402.6
528431070,255760.8
528427100,286372.7
535375140,84469.4
532376090,146261.8
905104240,132643.3
906201130,251642.8
528142010,280758.1
534275010,131177.0
535101120,136284.5
528358010,254729.1
907425010,147284.0
535177110,167574.4
907412070,208453.7
527354040,225807.4
909280030,218684.1
535425010,249617.7
909176150,118454.7
902325050,149189.1
528228540,189751.0
905452050,84557.6
916403290,209002.4
534201130,134774.7
527355280,197153.6
528231050,205481.0
909276200,158358.9
902202150,107792.4
902206240,119808.0
902329070,102075.8
907420040,175118.1
528478030,235959.0
905402060,136922.4
909276010,198041.4
527106010,223086.0
909475020,246157.9
905104210,120458.5
908102320,158885.1
908186060,140246.6
907185060,189512.3
905426200,143224.8
527425025,119967.4
903481120,116891.1
528150070,484033.9
903206070,145345.8
531452100,165165.4
907280170,214945.0
535450220,126642.8
528150040,376276.7
533213030,253622.8
527376110,175096.2
527162180,172837.3
535302080,122046.1
907260030,191250.0
907201060,144938.4
534200030,117060.8
909275310,233910.2
903458060,116834.2
528102080,429724.0
905108120,158341.1
909451040,114429.1
909254100,148806.9
911128180,81804.8
907255030,281486.4
909251030,133540.0
534201260,145471.7
908102290,112351.9
916225130,307484.8
923225310,102865.3
535402140,173721.0
533127080,351024.8
528118090,458973.5
531376090,204966.6
903226060,166513.0
903236010,122723.4
907275010,248706.1
527451320,101937.9
905426100,179967.9
908127070,124450.7
535451100,118791.5
535325280,132351.7
905377020,146363.3
914465060,284518.1
923227080,153715.4
907181120,196603.5
535402230,151869.0
528427070,248463.4
528240150,192718.5
906475070,190766.1
535152150,178929.4
905480210,113381.8
909100110,129081.5
905104180,136240.8
902202090,137474.0
534426110,138931.8
907410020,177247.0
907201160,147118.6
527353060,238400.4
923225360,94996.8
531450040,175039.0
535327200,131405.0
906385020,187025.3
527127100,326479.1
923228260,82764.0
527146030,254018.6
909428190,221106.8
906230020,263924.8
904100020,120656.5
533223110,146315.0
902300260,120969.8
534151120,230203.6
535453070,159580.8
906382040,207559.0
908102050,115794.2
527404180,115282.3
535450160,91517.3
904351280,120208.9
923250210,120828.0
528221070,187321.2
902106060,133543.1
923204050,146015.1
907262020,196174.1
903425110,146478.2
532378220,131094.9
906226080,144743.3
531452080,180240.5
906230010,275179.6
908103320,123841.5
533206050,195042.7
902109130,89895.3
528292040,192166.2
902110120,140704.0
533212110,150236.4
908178050,242776.5
911175430,60579.1
535126040,245752.9
535125010,247485.2
914467050,214433.3
528275160,249359.0
916475040,370474.5
909131125,128776.4
906394010,214854.5
909252110,173804.8
528429050,251607.0
527355060,180938.8
528366040,328289.0
528174010,200042.3
528176010,461020.5
534152070,202767.4
909428180,188993.9
528435020,282825.7
911204100,73518.9
528186170,217411.0
911175440,83010.2
528275035,169867.7
528253010,215143.8
527402220,130527.0
908102140,121983.5
528138020,315611.3
527359070,195268.8
907285020,221069.2
527110020,167045.0
902101010,115081.1
903476100,87089.4
528181080,209622.3
534451020,68212.0
909276210,176975.8
533223020,166336.8
535105090,163354.2
902105010,104447.0
905202230,196077.4
527127150,199671.9
909277070,120500.0
907290040,194651.6
923203190,166239.3
923228230,91104.9
535154060,167106.0
903225160,110247.9
907227030,130361.1
906412050,356891.7
528290010,200721.4
533215020,286898.1
528315080,286569.6
531382070,281380.3
905226170,151999.7
902103120,128396.9
527451460,103648.5
906424010,253832.9
907414040,192455.4
534250300,194873.9
527450280,95171.5
535382150,72685.0
906226140,118583.7
907401080,215608.4
535402180,115211.0
527105060,192591.1
534201230,141069.4
909250060,179220.2
535477060,140698.9
534278150,153947.3
909252170,141338.7
535180120,135097.6
534127260,164891.6
908188110,155967.0
528112150,247507.0
910201050,125186.7
531451150,130199.4
535180070,141926.7
914475090,167186.3
907202080,139732.0
528458060,202495.3
905426060,85740.1
528110010,427720.5
535377100,97982.7
528458080,226072.6
923400125,122341.2
909451130,122618.5
527356050,153305.3
911128020,103329.8
905105170,126910.3
908152060,128837.5
528150120,333923.1
909101070,67132.8
906475050,174463.4
528221030,175797.1
528235200,173808.8
905426030,160953.9
535354050,130096.3
533212060,159447.3
916384150,258280.1
902110080,133345.2
528142060,298222.6
531452140,167634.7
535403190,151497.7
527358060,179852.7
902427045,100080.8
527252050,301663.9
911370520,306994.8
911175360,105674.0
535354260,163287.4
535402330,179585.6
902207080,123932.7
907135230,149592.0
535403200,120672.1
905475510,106189.0
905452120,130434.7
902100110,168070.2
535425050,141887.3
903226150,112616.7
907280090,242110.9
903227150,135365.1
534151175,260120.4
535176050,147802.4
904100030,129896.7
907255060,302977.2
527216080,433956.7
531369020,242319.6
902207120,96966.1
535150070,137318.7
906385010,190006.7
535477180,118108.1
907203070,122536.5
908188150,156708.8
902106010,151142.7
911128010,107513.9
527326040,162857.1
