PID,Sale_Price
911102090,85331.1
902205010,57032.3
902100110,171802.1
908154080,207138.7
903475040,123398.5
907290020,235342.8
535401080,166842.8
527355150,290518.6
911370450,285164.6
533250130,259363.2
907135180,120367.3
902106040,167602.5
907420050,182152.4
528228455,171588.2
905426030,169655.7
534225120,141846.9
903429010,106271.9
902109110,186042.1
531452050,117363.5
534453080,114159.0
531376010,178365.5
531452020,126942.6
907192090,208274.4
526351010,158557.0
534204120,148471.2
528174080,215091.9
908276230,117380.8
908152110,159619.1
528458150,312454.2
532477030,179347.4
535305030,127863.9
533208070,159218.2
905201120,152988.1
527158090,180702.6
907412090,183701.9
528142060,314168.8
916403130,220384.5
528120090,251696.8
905100020,131419.8
533253060,153205.2
924151050,221678.0
906392120,270521.2
905225090,177218.5
535126040,236239.2
907181090,200405.0
534276360,119800.0
527252070,245899.3
905452070,107543.2
527356060,164737.7
909175050,191122.2
528218060,167031.8
903476030,156559.0
907252190,260264.3
923203110,161514.7
528435060,260842.6
905225020,210598.2
905351045,164139.3
905325020,222925.5
907255010,199552.6
903427090,155864.1
923228390,85023.0
535402100,148815.0
909101190,117802.2
535175050,138967.6
531477020,82975.7
903454090,133548.5
528228415,173657.4
534430080,141285.4
905478140,136226.1
907202080,136238.1
903228070,114743.3
907290260,239792.7
531375100,156144.5
534429030,101709.4
531452210,154342.0
528186110,294419.9
914476130,155373.1
535401140,145040.2
906226090,129458.1
902207220,290609.0
531379030,187945.7
907405020,215638.2
903481120,113617.9
531375070,140982.9
535453180,137306.5
528106060,315710.1
535456010,128783.0
528108010,268463.5
923229040,155400.7
908102270,165352.1
535425050,133354.0
533221060,172773.2
528431020,255284.8
535354200,149095.7
907203110,133547.1
903202170,141422.3
908188140,136389.8
907425010,146679.6
908186090,143960.8
531382110,190729.7
527354050,183976.0
534125210,154492.7
528218140,229235.5
534403260,124948.6
905450020,151028.7
533253090,193305.8
907251100,244197.3
527404020,131436.6
909252220,138382.4
907290180,140041.1
923203090,155494.3
534403410,162607.6
527455270,114250.9
907251090,241492.5
907414070,182725.0
909250210,115736.8
923252080,125124.4
527216070,426677.8
528382020,293859.7
535453100,136872.7
527226010,149437.4
904101110,167770.9
916386010,215133.6
528250070,214489.3
534276160,130959.5
527357180,268133.4
528456180,234270.0
531451110,135378.5
904351280,125597.8
527425025,120672.9
903231240,102066.3
527162180,173808.7
528387030,259363.5
907187010,226945.5
532377060,117293.2
903400040,166672.7
534427010,147797.8
905451300,119734.6
535453070,156545.7
533208010,194234.4
533241010,200321.1
903233080,155536.2
902427140,98176.3
534151180,246695.7
527359070,195388.1
906380110,227968.3
527107090,188228.8
905200260,146548.2
906378110,234762.9
903233140,125974.0
907253110,225219.6
532476050,260378.2
909428190,206073.3
907285010,229482.1
905452150,131355.4
905426060,85056.5
905200350,145926.7
528186080,287439.6
533242090,259571.9
907412080,189121.4
535301170,152189.5
528250010,173919.9
908128050,138010.7
902107050,134283.6
907275080,233770.2
528280230,221723.7
908102100,125977.5
902125020,103927.9
528250060,186263.2
535402070,147560.3
528228295,211316.6
527455050,145846.1
527455090,118679.5
528427100,278805.3
916475100,327134.4
908275290,132258.8
534125080,153131.3
528477050,325693.0
902306120,121778.8
907200270,135546.5
907180040,208074.2
907201060,150420.8
903454080,131371.7
905108120,160093.4
907202160,135734.8
907280040,226876.2
911370520,281306.4
527366030,221442.1
527110120,179375.7
534451050,114823.2
531452070,161844.1
528458030,223408.6
527214030,378275.0
904101070,203452.5
914475090,167593.1
923426070,141578.4
535457050,105602.5
527358090,176666.6
535378120,112928.6
531451150,132936.0
907275140,278428.6
907192120,206215.9
528477020,256360.7
535302120,143828.7
535403190,152274.8
534403290,209795.8
535383110,90892.9
909256060,113816.8
908103090,117248.4
528106050,467490.3
535475020,170993.8
528112150,249436.5
906204180,263059.7
905226080,159383.2
923225390,127277.0
907285050,198898.6
906340080,340073.0
535353180,252335.4
528228445,192672.4
528480170,268312.7
902400090,91341.0
527405130,109302.0
908226180,84337.6
534450110,62852.3
923228210,79450.2
907181120,195303.0
535301080,118228.2
527454130,140220.4
903458010,91382.7
908250040,99106.2
903204095,101109.7
528429080,267136.7
902103170,101290.2
528142090,317366.3
527356020,260153.4
528120010,283457.4
535376100,102365.1
534276010,119701.0
535151080,134001.2
528222010,268004.1
531375110,156123.7
903236200,117184.1
909280030,214813.5
903401070,138965.2
527356040,145568.7
905202210,159301.0
916325080,272309.8
533215020,271504.9
911204100,75529.0
903475060,121274.7
528142010,275508.8
527401160,127269.4
527302210,202024.2
528175050,216714.1
903231070,129768.0
528186180,219383.3
907285080,218395.3
916384100,245216.0
531452080,183636.1
528172030,297978.0
902205070,55815.1
535450200,106120.9
527146010,230748.9
534250410,196356.1
906380120,199473.4
534201230,137448.9
916403250,237498.8
906230010,278556.0
923228230,89290.9
906223080,223535.6
535350040,135756.6
528228340,192285.0
905103140,157589.7
906223220,207048.3
909250080,120546.2
534176140,165473.7
906378190,168041.5
909275250,145753.8
533128090,266662.0
907260040,194022.9
908201100,78356.2
532477040,268025.5
528292060,224584.9
528170070,268339.3
527452190,142248.1
534475250,153729.0
533254110,181220.6
907202220,127651.0
907126030,151502.9
534175080,226075.3
908128060,178108.4
528221050,183503.6
533208030,214519.2
905401100,195791.4
527451550,112350.3
902330010,127907.6
535301150,142283.5
906200230,168771.1
902202070,101376.0
923225200,124304.4
904351240,92967.3
909257050,231324.4
916382100,382592.0
923230200,124209.2
924100050,146928.6
902204120,143907.0
910205120,117740.0
527127150,194984.9
906402060,252728.7
535176070,150859.4
531369060,187192.7
528112020,292908.9
905480030,110577.5
527358120,150204.0
916455110,196488.1
528221070,181427.0
902136110,98020.5
527106050,170710.1
528344100,324575.4
903455090,134621.2
531451280,216206.8
534250300,191104.0
903231090,132662.2
902109080,121571.0
527326130,155034.6
908102130,100773.2
909425130,185698.2
903454010,120374.8
527359160,185326.5
905103110,131749.8
906380010,188429.7
902125160,77540.2
534252270,183144.3
534178010,132204.4
907405030,216551.2
528458140,283247.6
528228405,220102.0
533213040,158338.8
528382030,203084.3
909426080,179878.7
902106010,147582.3
906380170,194173.6
914476380,179728.4
905105200,131954.1
534403280,159440.0
528358010,249030.7
527162140,220231.5
528120120,302934.8
527353060,239202.0
903453050,127374.2
905352030,193035.0
905401020,254107.2
911226010,93556.0
532376110,136813.5
923277040,143218.3
903234220,127992.0
528174040,206640.0
535450190,126593.5
908186070,154067.7
908225180,92108.2
909177100,118706.1
528292080,265359.1
527328020,158023.0
528363110,377114.3
905402090,168959.5
909276110,170776.6
905107110,166062.7
534126060,185664.5
528181050,208399.7
531452140,165990.4
902103120,129671.2
905478190,102965.0
534401130,144872.0
534476080,137040.6
903200080,194827.4
904100020,118661.1
535450310,160864.3
528181060,223684.5
907410050,203625.5
528482030,283077.5
902402250,146567.8
528221100,174912.8
528164060,483970.6
527105060,191735.7
528235200,173730.4
533234020,214026.9
535402330,187487.4
527328050,162108.8
535178120,133611.4
902205130,96628.1
527376110,177731.2
527425140,115144.6
535102010,163655.5
535179060,167066.8
527302175,167252.0
526302120,192536.4
903228040,154508.2
535152070,144354.4
535152050,230540.9
906392110,257617.6
528110080,372998.5
534128100,152836.7
921128020,357717.5
528363050,354839.0
923227100,147893.1
905109130,251940.4
904101170,113416.4
534252110,132404.6
902108060,105484.4
902207110,81139.9
902329080,126295.3
902301140,88540.2
902109010,98367.3
527131030,263203.2
534201250,159355.8
902128075,106216.3
923230190,123762.2
527165230,178271.0
905480210,106182.5
528120100,228594.1
533252020,166495.1
907420060,181041.7
908128100,203093.8
534176230,155627.5
906420130,236646.0
905101260,157814.9
906380200,190210.0
906223090,229893.5
907405140,205257.5
906223180,222823.1
923226320,79722.4
903454100,150280.6
916402015,189466.0
528112010,266884.3
907175100,186532.8
526354020,203200.8
905451320,136402.0
907227300,122992.9
533244040,307406.5
903228120,127326.8
534278190,119894.2
908128110,187870.0
528480110,202928.2
909254070,179398.9
908227030,102222.3
902109160,101941.9
528174020,195044.1
910200040,112464.1
906340100,328186.0
905476230,149573.4
533236070,180309.1
903226170,122423.7
923225150,112813.1
902106070,117670.7
905427030,304630.2
916402215,204486.6
905352010,181634.8
527404140,112792.5
535454100,128131.9
907230240,143029.5
903230100,107790.2
528482020,253297.5
905475160,128691.3
527302110,214529.7
911128020,101056.1
534425080,180311.5
907418020,174027.7
535377100,91153.6
535477180,113726.9
923225080,125302.1
528188150,177240.3
907254050,205082.8
534252090,167600.9
533236060,182452.9
903451110,127348.5
905225040,128719.6
908103320,124618.1
908127060,134610.7
531382120,221169.4
535402180,119451.3
527353080,167967.1
909275160,135056.9
903206070,140696.4
906201120,224416.1
535152060,134842.0
528108070,334806.2
910200080,107607.2
903430130,63873.8
527364030,238269.6
534403050,134711.3
908152100,135700.7
902456015,65326.1
909253180,148274.5
903201090,127344.4
528275070,223968.4
528480160,205069.7
910207110,91981.8
903456110,184351.1
923202134,131152.4
528168030,316683.5
534177230,208584.6
907196050,216312.5
528429050,251245.1
534128010,196824.5
534451110,125505.1
905352140,225227.4
535104020,156507.9
535300040,130269.5
535125010,248244.8
528228375,243802.1
528358040,286951.8
904350045,93075.1
916384050,212608.7
908276140,108570.2
908154195,474558.8
916382010,207391.1
531380110,203031.7
909100110,130334.4
527451110,116388.5
905200090,117404.2
906475100,203956.8
527427090,134260.6
528290180,183926.9
535380110,98399.9
905452140,147443.6
909254100,147323.5
921205070,293193.5
535426130,180543.1
902402260,58278.6
535477020,156270.0
535302200,119405.7
527328010,157537.7
903481100,82761.9
535451100,121453.4
528228580,237643.2
528326060,249613.2
535106140,117314.0
907280100,275457.8
535375010,97766.1
903227020,133916.1
528458110,247476.6
535452120,149996.2
908152060,132301.7
533221110,176066.1
528108150,274957.9
533350020,346434.5
902110120,134488.3
903230110,120033.3
535476370,177787.5
902406070,165649.0
905475500,83170.3
907175080,221672.3
527107030,185651.2
906380140,183082.3
528218090,169306.9
923202005,202253.8
907410020,180597.3
908102260,154853.8
528181070,223676.0
905104170,114766.3
907176010,194898.7
527355280,200716.9
905101070,108508.8
532376090,135625.2
535451050,114096.8
528116010,345401.6
906380160,196777.0
533205110,221506.7
535377090,140659.4
907200250,154871.0
902110010,102104.6
921201060,347363.0
528477080,246078.4
528221060,179459.9
905107300,164776.8
527108070,355604.2
908228010,119748.8
533251120,158207.2
908201110,79289.7
902327040,122402.3
909278020,136241.1
916326010,216815.9
534479240,147057.5
535403030,130290.3
528106120,252693.9
527184110,212122.0
527450220,110373.4
914478110,164959.7
903484110,118444.8
909101010,138360.2
528228555,173626.0
528180080,269890.5
902206020,64532.9
527368020,212193.2
910203090,106961.0
905377010,131155.2
535103050,212143.7
923275040,168957.8
527450010,100928.7
903204030,117842.4
902207010,96228.2
903233100,127815.9
533223050,152490.1
923201100,135522.7
909178160,144225.9
905452040,156743.9
528118020,318044.2
909177120,142173.6
905201020,142670.3
904302260,95778.9
527402150,129429.4
923230010,163987.0
531376030,188816.1
532378160,137497.4
905107140,139625.1
907253130,323780.3
532354010,137836.4
905107310,147568.9
905427050,169340.5
914465020,248229.2
527276150,108651.6
528363020,319181.0
909451140,118651.8
906340110,310019.8
528458040,225286.7
916380060,263957.4
910200060,131766.8
528290090,165536.3
911225110,67004.2
916325040,200661.8
527145090,174229.3
527180100,167245.8
534201260,141196.2
904100030,128574.2
535126010,200665.6
916403040,180070.5
533223010,166415.7
907187080,187012.7
903232060,107507.9
905325030,224335.8
905228020,91361.5
911370460,267808.1
903476110,101087.5
527161090,189612.1
907181100,207479.5
910201110,98491.3
906426210,231056.5
908102050,108140.9
905402070,106463.4
914453045,310166.7
910203290,108288.9
903206120,178183.1
528480040,265109.6
534177210,161799.6
528120140,337003.9
528228435,198113.2
903235020,94744.9
534129370,152025.2
907412040,192740.0
906475110,202266.9
902305110,143783.5
527403040,148220.5
906392130,180990.7
908102060,72136.5
905426150,185148.1
528431050,278342.9
533215030,227632.5
528275060,175935.3
527451380,119740.5
534427140,151296.8
909101050,125126.1
909425140,270241.8
907200230,117700.3
908154205,496103.6
907412010,194791.7
909250070,151023.8
533221080,175213.8
527450520,102482.2
923250060,169733.5
528222030,177148.9
905201090,153167.7
535451110,134369.7
910205010,128281.3
528351010,519424.0
909254010,138604.5
528228270,195075.7
907401080,218300.6
907192030,184404.7
924151040,269417.8
528480100,192759.0
528346050,334424.4
528104080,423145.0
535154080,152503.4
527404030,141722.1
908228040,135922.4
902302150,131796.3
528221030,178054.6
535456100,110722.5
528439060,239573.0
528435010,226563.1
535105100,169617.5
907290080,247203.6
906380100,256086.1
903225150,78128.9
914460020,213558.0
527108060,320307.8
902300020,158907.7
528142050,327819.5
535304170,125992.6
903481010,78812.1
533213140,167790.1
527375210,145397.2
528235160,220135.2
535478070,136105.4
905480180,124868.9
527163020,182927.4
535325450,136354.3
905106150,130927.8
534129230,152896.8
534478140,129600.2
908275220,119609.4
916384070,243452.2
909275030,159383.5
907203060,119579.0
909250030,108277.6
903232030,84472.3
923230120,106317.0
534127170,182555.0
906204140,233558.4
531363040,136089.5
527107010,184479.0
902100020,129173.9
903481130,87461.0
528363130,335751.8
527212050,305507.3
911128010,113340.2
905452160,147307.9
534152050,215766.5
923252100,130261.6
534200030,119568.1
535450100,134280.2
902300090,101190.0
903457130,112264.0
902330090,212222.0
534152070,198756.7
535327140,97007.0
533206070,219219.9
527365010,255394.3
527325110,186468.2
535425060,165012.5
907203070,127123.6
902331010,62816.8
914452190,135537.9
535403150,150281.6
535426150,139997.3
527325160,230178.1
906382020,221604.3
907425035,155949.0
905108190,137979.7
533242030,223054.5
906392090,273226.1
902301150,116524.9
907135040,149288.0
905105170,125328.1
903231010,127221.2
905351150,230577.5
923275200,132869.9
907255050,282468.1
528322020,383685.2
914476430,166217.0
533210020,168161.4
923225190,114432.7
528186170,210367.3
535177020,126742.1
534175140,138752.0
909276070,173553.2
909103020,97817.4
909452114,203093.9
535403040,112381.5
910206110,102005.6
914476010,171114.7
528456190,214863.1
906204150,259778.5
527110080,175192.3
528120020,275144.6
902128100,101627.1
534428060,134648.6
534403080,192308.1
916403290,203344.1
532479070,207369.9
903426180,141830.7
903484020,132417.1
907254020,256734.3
533241030,229369.5
534400050,156936.8
527165170,183317.3
909101080,94078.7
528482040,290167.3
527127140,257301.8
527450030,101910.5
528188020,177755.6
535302070,121946.1
527451290,96177.1
905475270,109481.9
533213010,246504.2
535106180,134330.9
533254050,204213.0
533208140,181404.2
528458090,192215.4
907125080,152569.3
907131060,167935.4
535180030,131291.7
902404010,132132.5
528366050,356981.6
531452010,127014.9
916382120,303870.4
528435050,297150.1
528431110,308505.3
528166150,327700.4
534152100,185421.3
528315030,320164.0
527108020,255527.4
528228275,194454.2
905100060,130342.0
527145080,177646.5
923225370,108190.0
527451400,94142.9
528458060,204616.0
527183060,214310.3
528102010,352741.0
903233120,136514.3
923202105,180998.4
527451410,92345.3
902303100,143305.2
909252010,158356.7
532354090,148437.4
528228285,164639.6
903233180,124838.3
534176060,170510.1
902104060,97648.7
535454050,94817.8
923229110,178402.0
534477110,145667.3
527108010,305751.7
534450150,77623.8
905403150,144382.4
910200110,131159.1
533213070,161487.4
535426195,205273.8
905451340,101636.6
911370430,302642.4
923225510,134883.3
903225040,132166.0
535402140,171106.2
527405160,107350.8
907285100,242245.4
905200220,126098.4
533125120,361838.9
535476360,205645.9
527450460,108026.9
903475020,117848.0
528365090,322496.9
902401030,141510.9
921128050,416378.8
528221040,202684.7
535126140,234477.1
527164020,159523.1
535382100,157928.9
528231050,195876.6
528186030,289503.3
902201090,135616.7
905104240,130113.0
527450080,123726.3
905226050,151608.5
531384070,195846.2
535381040,156320.5
532378240,127126.3
906223140,234829.9
903401020,160108.3
