PID,Sale_Price
911102090,84380.6
903458170,97243.8
527110120,179247.3
535457090,149458.3
904100020,109177.9
905480150,89611.5
527453070,136869.9
528228465,175275.4
923227030,151014.3
528344100,326336.1
532377140,129206.1
535177100,142231.2
906340110,298421.3
533212140,154469.7
909428340,220847.9
535382150,85279.4
534251030,177295.6
527451060,99445.8
527453160,141223.8
903227140,132805.9
911370490,306974.6
905226130,157691.5
914475020,145068.3
908152280,158847.0
534452060,124154.1
923229110,181341.9
910202030,90385.8
534477030,141114.1
923225150,105998.2
906226060,142248.0
905480240,103400.6
903454020,75595.3
527212050,334865.8
906475050,172296.9
903231180,126335.6
535176050,145178.5
528477050,346727.9
532354070,139381.7
909280030,236490.6
527354100,197881.3
916176125,240620.6
533125120,408415.8
911370460,280241.0
528120110,272377.4
528228275,181202.8
906204150,258063.5
914460110,233164.0
534429130,152778.8
534275060,122476.9
908102270,168664.8
914476020,132436.1
533223030,172400.5
535451250,144675.9
905452040,144693.3
528118050,448686.2
903201020,121961.7
527162120,186126.4
535382100,161309.8
528174030,194209.7
534402060,143053.9
903225050,107261.4
533253180,197790.7
906382040,201561.3
535353050,143085.7
535455090,123451.9
527357110,135600.5
902207220,252072.7
909282110,193897.6
902110080,135426.2
902207010,107988.8
533250110,224255.8
909475040,352372.7
527216080,421087.8
906420020,211505.7
534401200,142781.8
528435040,319339.0
528320060,477029.3
909275110,204633.0
528102080,436210.3
907200340,134638.1
902301140,92381.5
528150120,336184.0
535450180,86953.6
907285100,239174.3
533352170,177522.0
527302020,206549.6
905478220,142336.0
902205010,45797.7
907202050,153094.8
905476225,128476.9
923228260,89220.8
534250400,194367.0
527301245,259738.6
535453210,152131.0
535151080,133991.2
528363110,348316.7
907285080,214178.9
910203100,64372.9
532377060,116383.8
908225240,104753.7
909425060,178097.4
528346050,322956.7
534202160,141117.7
527325070,270392.2
526355190,290487.6
535325090,130951.1
905475150,123264.1
902201130,113292.4
527453130,142570.5
908276140,97317.2
527402380,100879.2
921128030,352131.6
905109170,242238.5
535426150,126105.1
905200340,185850.8
533253210,183704.1
535180020,167187.5
903484080,81449.2
533206020,240792.5
527404180,104940.1
528431060,251292.9
528363020,324529.0
903201030,119790.7
527252050,315633.5
526351030,187191.4
531453010,141776.6
907254050,200941.0
903400030,99963.4
910202050,69402.3
909100110,123176.2
535402090,156077.1
528186110,290098.8
905226050,155238.4
905201120,157574.5
527161090,182744.0
528176010,430238.9
902401120,269103.3
534276360,116229.6
902109160,115384.5
528294010,181071.2
534252070,92473.4
905478190,97860.4
527425110,120493.4
534201230,130643.6
526351100,167243.5
903450060,139919.8
902111010,98977.8
534401140,187194.0
528240070,219228.0
532353020,123055.1
905403150,139279.1
916402125,188954.6
527366030,219853.4
528228435,187592.6
528102050,380335.5
916403290,210006.5
527254070,343367.7
908225310,87035.5
528228440,186031.1
908186060,127739.4
916326090,229948.5
916382120,300559.7
903204095,103112.8
528166060,402459.5
906223090,219957.8
528172060,246541.4
531380080,229251.1
535451110,130310.4
906380040,246643.2
527451200,91228.2
534400030,149101.5
532354150,135824.4
527107040,171258.0
908103310,136917.4
907175030,223481.2
908275040,120292.7
902104020,133610.9
528458130,312871.5
535426260,149367.2
527404140,114109.1
905475500,76993.1
902105110,121311.6
534202180,147526.0
533251130,196695.8
528439060,235660.2
914476500,177166.7
924151040,285510.8
909452114,219343.8
906230030,265216.6
923251160,114580.0
908102020,111098.5
534250335,170325.9
532353130,132715.0
906382030,224492.1
531363040,151824.1
906230020,265128.4
923225390,121895.3
527252070,265864.6
923226250,92447.5
907280100,283372.7
527183060,223513.6
535402230,144442.9
532378050,138040.8
914476050,149190.9
907275140,296082.4
528142010,307634.1
908154205,458970.9
527403310,150676.5
903232190,123667.0
531452140,159827.2
909276010,210248.5
904100100,217500.2
534226120,120282.0
906380110,222597.6
916475040,351514.6
528174020,194562.9
528228415,171048.8
903233180,130695.5
535176100,168945.5
533212060,156102.6
909428190,218380.3
534175140,146141.5
527165020,164597.9
909101050,119943.9
903201080,177680.5
528435010,218446.2
903476030,128252.3
903225150,87398.3
527140090,214737.4
906223060,202772.2
908102260,146300.6
527127140,281505.0
923205025,169534.9
527450030,107375.5
528188090,169206.6
906226080,131560.8
527357180,310276.1
534278190,117120.3
534428060,125459.1
905475270,113947.2
534175080,205706.4
535180030,130096.3
528435070,258903.7
534429030,91067.7
903430060,124183.2
535106140,112530.4
528376010,323379.2
534151175,263672.3
535456110,126599.9
903429110,149842.9
906226100,113180.8
534479240,144386.5
527451400,89275.3
527107010,185193.4
916326040,181282.7
916455050,196901.6
907201280,133865.7
908225180,100000.2
527325110,194240.6
906403060,216525.4
909101100,125309.4
528222010,270079.0
528482040,283256.5
906475170,253183.5
903231050,115963.6
528228580,217654.1
907227110,138136.3
905201030,76856.9
528228550,170753.1
534276010,112990.9
903430090,122438.6
902201090,126034.1
533215070,265075.5
911204090,90676.5
528458080,242712.6
535354050,131258.2
902102060,147058.4
528175050,217916.3
528456190,216047.8
902106010,142313.8
909129090,107796.3
532354230,119111.8
528150070,453585.5
527107210,205924.1
904100170,139295.8
528458150,306105.9
535477180,110817.4
533223080,167580.3
528110010,442813.7
907227030,137694.2
527132090,232629.3
527455030,144975.3
907285020,228292.0
528172050,249285.9
906201021,158052.1
902402130,114614.9
528231010,215613.5
902408080,192657.9
907254020,237412.6
906204280,226322.0
910201110,101768.2
528174040,206943.3
533110130,290752.3
907270050,281925.2
902128075,105959.3
903232170,84688.8
902105010,102408.4
528181060,221814.6
916226030,192689.4
531479030,113053.1
916455070,206494.6
923275010,160981.9
534177180,256251.3
902201140,143193.3
534277060,109889.7
906392100,251632.2
916402115,204086.7
905104030,134919.8
907227050,124838.9
903206170,170958.6
528110110,399638.4
903225160,124522.0
903475020,113167.3
535325450,142994.6
528458030,219950.5
535375040,93854.0
905100080,173135.4
903232030,96240.1
902300215,130986.1
527451520,97935.0
535476110,141456.7
528174060,197080.2
527450520,105213.8
905352030,208991.5
535178040,119636.1
923227080,164671.3
908250040,102603.2
531376090,194869.3
905426010,221160.6
527357020,161878.0
534479120,118397.9
531376010,175899.5
908201110,76111.0
535383070,108724.8
534250410,181427.3
528118060,349255.1
921201060,310004.2
531376030,185205.6
535150280,128539.3
535327200,137487.8
528231020,186755.4
528138010,357827.7
527327050,188142.8
528108020,321491.4
909252020,152462.5
528250040,177608.4
527106010,221542.9
534429150,178986.2
534201260,137338.7
907201160,143434.9
908102300,101460.8
535150070,115802.6
533252130,220519.3
532376160,135937.9
905451330,163719.5
528250070,201283.9
905103040,168828.3
527107090,184748.7
534252040,134661.0
528480110,201035.9
535378080,131216.0
908103260,128526.6
534126090,183259.5
909251050,155475.8
923275040,168020.1
528480130,217281.5
903225090,162781.5
527106140,198159.8
911175360,88607.5
902207110,73433.1
535377070,65246.8
535450200,113986.0
908186090,137236.5
528387030,284651.4
903202120,135080.2
903232090,152862.4
527164120,200372.4
907255030,284941.2
528488130,213400.5
527353080,178417.2
907194010,219903.4
907175100,195828.5
905202190,238878.7
905107300,169252.5
907135020,150482.7
902134100,85678.5
527146010,244403.2
534402140,145129.3
532353120,117093.3
903430070,84845.3
907255010,228740.1
902134120,100783.5
534453150,118052.6
528365060,344543.6
903430050,83174.3
902306130,154435.4
528290170,193407.9
907203060,119095.3
907192150,188769.8
924100060,182862.0
527375100,215162.4
526352080,187952.1
902405120,108375.0
527226010,174528.7
527401160,131245.9
528228545,171355.1
527105010,190411.0
528431030,217719.5
916460060,225189.5
535353160,113581.3
910206010,46171.9
902100020,110210.5
907252050,205426.4
527158020,176685.4
902329070,113732.9
535301080,122649.6
528321010,366676.4
532353180,155190.8
533205060,234101.2
531385020,188380.6
909475050,219703.9
909455030,181682.2
909277090,168459.9
527451640,115031.7
527455090,123389.3
528228565,197872.0
903400040,166677.6
527455100,137775.9
535454050,80740.7
907131120,198903.5
535450210,131903.7
534201130,128996.2
923203100,176093.7
923426010,134247.0
535453020,155244.4
908130020,134615.8
905403060,116930.2
907290210,140799.2
527212060,369841.4
534202170,154371.8
535378020,105727.4
902206090,114653.8
532479050,139364.5
535302070,127632.2
908275300,147649.2
909131170,146131.7
914478100,152108.7
914476080,125911.1
534430110,141428.0
907280170,214594.3
527358060,194396.2
910204090,47288.6
528482010,269168.9
916460020,183753.4
911370500,305592.4
906380160,188240.2
535106190,155912.0
535125090,211571.7
909101140,139365.8
908151050,133388.3
902101010,110579.7
905480160,95250.2
907202080,135289.9
535454160,123993.7
535457050,107546.1
528315070,274494.5
533241030,240386.9
907425010,144327.4
535478070,133582.5
906424010,242165.9
534128190,236329.1
528429070,244822.6
528280100,198300.3
903426200,150067.1
534431050,219168.5
534400060,157205.9
534476260,165260.3
527146135,303755.6
910202100,118399.6
535378120,118808.5
528235190,189935.1
907290090,208223.1
909175080,51588.8
906223210,231023.0
906477110,152856.8
905476120,122142.6
906226110,113842.5
527163010,171927.4
528228280,188395.5
908250030,69855.7
531369010,205674.5
531363020,141465.2
903231130,108919.5
923228110,83374.9
916176030,152379.6
528180110,321259.9
534201040,133838.7
528431070,252853.6
531385070,171522.7
913350030,220973.8
905402060,134415.7
909178160,143072.4
528445060,243587.2
533215040,249484.7
527325160,242576.6
526350040,118647.9
907125090,154322.1
528142140,334373.7
903451090,151496.6
527301010,214092.4
905452070,106261.1
528354110,307234.4
923230040,166130.8
528228270,186226.8
907290170,140184.3
534451120,91183.9
908154080,206498.2
526302040,142559.8
535402140,178363.4
535180070,135693.6
907405030,217323.2
902303100,149161.9
535327160,119563.5
903233140,127885.4
916403130,244681.3
905109130,300016.2
528186160,219073.4
907181140,188785.4
907285010,228759.0
903457040,169407.6
906380150,168563.1
909425085,273094.6
914465060,265735.3
906394060,187856.9
904101070,220067.8
903234160,102428.8
905225090,172264.6
902205140,108207.9
528240020,192496.9
535151110,143071.2
528292070,209396.9
906204140,216176.3
911103050,48021.5
533252020,165492.0
903226060,168207.6
907401060,204436.2
528112150,253221.4
532377130,132154.1
528292080,248252.6
535402070,134835.1
905226080,163582.0
535101120,137851.3
535451210,108595.4
905476170,89830.7
907295040,242806.2
909278020,130112.6
904301110,112555.6
534428020,119342.3
528250010,177128.9
916455110,189005.1
903233080,164582.6
903226170,138799.3
528275035,167599.3
528218130,216529.1
528431120,265360.5
528435020,279802.0
528228555,178896.1
906402200,310108.7
908127050,130613.8
527106050,167085.8
534275220,123095.7
907202240,193478.8
534129080,190811.0
923228080,114119.0
905426150,205512.5
906201023,228006.9
905103180,134247.8
909252010,160735.8
916386010,207521.2
923202134,133622.4
906340130,336177.8
905427140,194670.9
907192130,216843.9
528235000,172950.7
911370530,298130.9
923205120,137856.0
528429060,254335.6
903200080,220854.0
905102060,136110.4
528275160,258697.7
531451110,123377.8
903400180,176524.9
527164020,156231.8
909250060,195740.3
527105130,287488.0
907135050,154246.7
911225110,59336.1
535403010,124848.0
908275130,126574.9
527108070,374292.1
535477130,152110.0
535452100,126858.9
535475020,153562.6
903425270,117814.6
908186040,130624.6
909276110,171769.3
528458110,260944.2
906380130,220181.3
535425040,201966.7
902103100,124642.3
533350020,341652.7
528439050,230271.6
528290180,180789.1
905202210,160055.2
902330040,171896.5
905226170,141551.3
916382110,337084.0
903430130,63978.9
903231010,123727.8
916386060,156092.2
906223140,231130.0
910251050,73403.4
535126010,200525.8
528108070,357513.4
903481130,92973.1
908203100,100657.9
531375130,161847.5
534125210,158845.3
528456230,201396.7
527402130,110537.0
906425045,138384.2
903456110,198563.1
534104090,244459.1
528174050,203527.7
904100160,136320.4
533130160,301018.3
923250060,174454.1
903236200,112779.7
902406090,139861.6
903227070,138745.7
907180120,218554.1
531363060,148797.3
923252080,123936.9
527453010,156632.8
906223180,212510.2
527163100,181060.2
528120010,296975.2
905107240,193376.2
527214030,416326.5
906426210,250938.3
902206240,104632.1
528221060,177335.4
535403040,107795.5
905451390,156074.6
905352070,227671.7
906392110,247305.2
909275050,152238.0
909426090,138507.6
909101180,116917.0
905105040,110528.3
909475300,264971.6
527107130,178094.6
907201220,134201.6
528104050,412228.6
531477020,75884.5
907290040,207415.1
527302110,221065.1
908227010,86138.0
534431070,158989.9
909281080,219728.4
907414060,184027.4
534128100,158062.2
527358200,173528.1
910200040,118852.4
914478020,141060.7
905103130,148994.0
923275090,125906.6
533242090,294865.2
923230190,131034.2
909100170,92757.8
534427140,149246.7
909428180,187199.6
527108040,232249.5
923225300,90412.0
533208140,181465.5
527105060,187010.8
905102010,154757.2
905200350,158521.4
528228575,262341.4
534177210,160872.7
903231220,92783.5
910203090,110498.3
902400110,283313.6
528222020,177971.8
528102110,434840.1
909250080,117276.2
903429080,165230.3
907412070,205594.5
535353130,110878.9
904302020,87688.8
910200110,131895.0
905352010,203095.2
903458020,109759.2
909251080,151632.8
907194160,209387.4
527358140,210754.4
921205050,358222.6
528170070,270365.1
527162130,191517.1
535427070,235809.6
902206220,154794.0
907135040,150378.6
909254150,141908.7
905101300,116242.5
528427040,200945.6
902401060,88020.2
535305180,141185.1
907420060,176882.0
535381060,89483.6
528429100,326268.3
528240050,191072.2
909475020,250698.5
909275160,146868.6
534276230,148085.6
535425050,154070.7
902300260,123039.7
916475100,317307.3
528429120,354636.6
903225040,140890.4
907187060,213138.3
923228130,95022.8
903454010,128079.1
923225510,136914.4
533221080,178458.7
907181090,200165.5
902326060,142215.0
527256120,465916.8
904352190,132359.0
528427020,226925.0
909451020,118891.7
528382020,317055.2
905100020,133091.9
907262060,239591.2
923400110,139640.7
907295100,221066.7
914452120,159815.8
535152050,211773.4
909251040,160746.4
908275220,119785.2
528102100,275658.6
905480030,111754.3
535403030,131196.5
923203010,142350.9
535126100,111416.6
528488100,196906.4
909280070,184232.1
906380060,294116.1
909252220,148576.1
906385010,179239.8
534176250,137813.3
532477040,273097.3
903481120,121300.5
535453100,123775.2
527455250,123886.8
531453100,157199.0
531384070,196783.7
527110130,162559.1
535383120,78179.2
908152260,146444.6
908201040,111382.7
902106060,131760.3
527190050,216127.5
535426130,179598.9
923202105,179146.8
902110130,91133.0
533215030,230975.1
906378100,239583.0
533210060,165044.8
534400290,162063.9
534278150,143214.6
528445070,240339.3
534425310,141850.3
533244030,242879.6
909176080,159296.8
908208020,133315.8
531452020,121082.2
907185060,183290.6
534403080,192699.9
907414030,186046.6
527107020,180832.3
904350045,98027.1
528292030,268969.5
912251110,51906.4
528294060,180109.3
535457040,128139.2
907227100,124750.6
923275200,138399.9
528480020,231651.8
923205015,173239.1
528110050,442818.3
532479120,213358.6
905200160,100145.1
528176070,341835.0
906402070,256924.7
914478110,173647.9
902125160,80160.7
528102120,273441.4
527212040,357454.7
914474020,205114.4
902331010,56181.5
531477040,129679.3
907227080,123239.3
534250370,310533.6
534431020,133817.2
527108060,306021.0
909256010,138549.9
531367010,190373.2
903202170,145624.8
916386140,221670.3
534430090,130499.9
903476090,96973.9
534427040,147039.2
902330010,134184.0
528180080,275369.3
902401090,96727.1
923226180,84654.5
909277100,149492.4
907252020,246572.7
527258020,261634.5
909276070,183334.9
535455080,116507.6
903226150,114524.7
535327210,153578.3
533253030,193890.7
902105050,119158.5
905105170,121637.0
908151040,140588.2
907202130,157955.7
534128050,164375.7
905103060,171133.0
528482030,271095.6
534431030,135707.0
534125080,147212.7
916403010,193403.7
908188150,147972.0
531451150,130382.7
905201090,170616.7
535304060,114990.5
907420040,173541.9
533242030,226956.7
909275040,135537.4
527252090,325012.9
527183030,203169.2
902300040,115437.7
528222090,179018.1
907200170,134301.6
531375040,157104.6
534276180,121401.9
535151160,140954.1
528315080,295197.5
907418010,225367.4
909256060,106335.2
923229140,183806.0
528253020,222384.0
527354050,186495.0
908152270,151758.9
528429110,275387.6
533212010,156693.3
527258010,270051.1
