PID,Sale_Price
527404020,130505.2
903456110,180579.8
528275070,237121.0
527208010,352469.7
907180040,208937.5
906380150,182600.7
907192040,216215.9
902405100,143202.9
909277040,181076.4
906412050,368365.8
905452150,132266.9
531376050,174122.6
534400030,154824.6
910203250,57237.5
906226090,133595.0
903231180,120005.5
527359080,181555.4
923230190,124295.4
906426210,243453.6
903427040,154635.8
905225090,170854.4
535353160,121666.9
907290140,141310.6
923275010,150882.4
909251030,137532.0
907175030,218081.2
907135050,147181.8
533110130,260594.6
905104180,137419.3
528108150,281081.4
528181080,207950.3
907285050,195512.0
534129380,127879.8
907405030,215266.6
528351010,516642.0
905476230,142372.4
903454010,119974.0
903233080,156156.5
531367010,187689.8
528174040,200314.2
534151120,230762.4
528431070,259710.0
532376090,142874.0
903201080,162579.2
905105260,127569.7
533210020,162361.6
902202070,109868.1
532476050,249743.4
902406070,157997.3
907414070,184268.3
528228280,194381.0
923225360,94667.5
903234090,142006.8
531452010,128810.8
907187010,228484.9
528168040,293888.1
906202040,177977.6
534476080,132604.6
914478110,173978.7
531373060,180535.8
527175130,145126.8
905225040,134435.7
909426060,229260.8
528326030,293829.3
907194020,213023.8
527105140,201911.3
909176170,138415.6
535354130,120310.1
535301060,139891.2
905200510,147656.9
528458140,278046.9
907255010,211294.8
527163070,180659.2
531453100,153673.0
528222050,170474.4
923225490,117047.6
535457050,109260.1
904101040,131238.9
528218080,171446.9
908225180,93552.7
534275170,139554.0
909281110,172405.5
527356050,149815.0
909275030,160252.2
907420050,186282.6
924152030,222217.7
903453050,134619.8
528280180,218235.1
528181040,190305.0
533221060,173214.7
533213130,173703.2
902207220,292900.9
533206060,189376.4
533212120,148608.2
923426070,140873.2
527183060,215137.5
906425045,135255.8
527106150,204652.2
535383110,86702.9
528181060,220543.7
903484110,122246.3
528106120,256989.9
533238045,291436.4
528188150,176866.0
527105010,190842.4
911128010,108283.7
533350090,282144.0
533254130,165216.4
909427200,154670.9
905101100,97953.9
910251050,80179.7
908178050,241057.8
528458150,295472.7
907252050,206346.7
528429070,242789.1
531450090,168661.1
535152280,145437.2
535402090,152951.5
533212060,157500.0
528102120,286201.9
532376110,138202.8
902325050,145348.8
909428170,213635.9
534201240,145101.7
526355080,306340.0
528164040,370143.8
528358030,311308.1
903430070,108405.5
534402140,148431.5
533206070,224300.8
907285100,246755.9
907285080,219751.9
535352080,116809.8
535104020,159233.4
528490080,208455.6
905376090,168520.9
528178090,369816.1
532353020,123410.2
907202050,147421.1
902104020,131419.6
527182190,213887.3
902128150,140657.2
907401090,234544.6
528240080,217175.6
528102010,355196.2
533130130,294964.2
903481120,117454.1
533212020,156555.7
528292040,191645.8
535354070,125875.1
535476110,148306.2
908128050,133773.0
923228270,76903.1
909475040,306791.2
905427140,181590.6
923226150,154293.8
902303100,143178.2
528222020,175241.9
902106090,136020.1
903400220,168504.5
527455280,149587.3
905300020,143865.6
906382030,240912.4
923229010,155479.2
527375160,185461.7
535377150,112624.2
528431060,251193.7
905108090,156914.9
910200020,89364.4
527404050,127643.5
528228360,204444.0
903231130,98606.9
534251320,161139.2
907200130,122188.9
527165020,167777.1
528228545,171080.6
914475020,150021.9
909178160,143027.9
902206130,121278.2
917425190,214612.2
911370510,282288.8
528488110,202168.7
909254100,155489.7
905229040,147929.2
907425015,156102.7
906201050,168063.2
902301120,115735.2
911370540,280499.6
534429030,108003.3
528431040,402444.3
905100030,144857.3
923202105,179126.3
905104030,131558.6
907290070,170824.2
905477010,96830.9
528429050,253381.7
534201040,138459.7
908154205,403875.3
909282020,220322.7
534176140,165992.0
528174060,198611.1
910200110,124381.2
905480160,106389.5
535175070,148342.3
923276260,148765.6
905475500,84534.8
528382030,206955.5
533221030,187780.0
906392100,225532.8
906378120,266566.8
527455100,141426.1
903400180,192438.5
534450090,60195.9
534251280,171986.9
916326040,175983.0
923205120,137571.1
528221100,171758.3
527127100,328194.6
527455050,147593.1
902207010,95562.8
535454060,90536.0
527108070,348366.0
532376250,131342.7
914452060,149684.6
534278150,154925.7
532376040,128825.3
535175030,158359.3
909428240,206222.4
534252070,113001.6
527452150,136670.2
923276180,135382.9
906378100,241338.8
527162180,173671.8
907410040,201216.4
535350030,153411.8
916477010,338357.9
905450020,146612.7
527326040,162057.8
903205040,100365.9
906475050,174573.8
910203020,102343.5
909452050,208952.9
905100080,161367.0
527356020,264922.7
909275160,134593.2
527302060,189083.7
534251030,177918.6
903236200,123581.2
528222040,192562.8
528477070,266731.7
533208030,217003.2
531453010,146110.7
909428340,200542.8
907270040,280823.1
535301170,152324.0
907275140,276223.8
903475020,123823.5
532377060,118291.4
528365070,311518.2
528458060,202468.0
527212050,306553.1
907192030,181798.1
527357020,173189.9
923203190,166854.4
905105170,127582.6
534475250,168417.7
907196060,216642.1
909254150,141780.2
902402150,100073.1
905200280,184964.5
909100080,128496.3
533223050,151274.3
533236070,179135.0
532378240,125691.0
527164090,157720.1
902302150,135582.6
528321010,370435.9
923226300,86190.7
902128100,104432.2
528290030,164933.4
527368020,210757.4
907192130,224551.5
905427030,299775.2
905377010,129925.3
909256010,142966.7
905351150,220381.6
902205140,110668.2
535151160,137599.4
533350050,333386.4
532378120,123006.2
535478090,117981.8
905451410,134025.1
902104060,94301.2
905202190,224491.8
907252190,247497.9
902328100,141454.7
907125120,143548.5
527450150,110433.2
528228415,170752.5
528222060,179532.7
526351010,160749.5
535105060,177841.3
535403190,153635.5
906392120,282059.1
909475050,208758.3
528186090,282236.5
531452020,125697.4
531363030,168124.5
528228340,182994.3
535304020,139831.0
923204040,154906.2
528482020,244218.2
528235180,185922.8
924100070,165079.8
907202130,154187.3
906226130,151536.4
907410110,227639.4
533125140,353558.4
527455060,146503.6
535302130,135585.5
905426100,185644.5
528482040,281394.4
535379060,104074.0
528439080,233252.4
921126010,320184.4
905426010,206372.1
905351045,162493.5
923276250,182967.5
535375010,94082.5
528250020,193926.8
916386040,162842.8
903225160,114720.3
527359180,184479.2
535178100,147424.8
905402070,112829.5
528294010,179100.5
534403420,146134.5
528458050,203668.4
906226120,132611.8
535453210,143659.8
903476110,102620.1
528120150,298335.6
907131070,204802.2
905108170,146944.2
528427020,249809.6
527402130,109672.9
905227050,136191.3
903232060,111625.5
535179050,146003.7
907180050,191578.7
911370410,288718.8
903200080,202959.5
909425140,250987.0
907285020,226622.8
527180040,193585.9
528458160,326193.6
528120090,247840.3
902305090,114290.7
909256120,123438.3
923251080,139115.6
527163130,183890.6
533208080,159875.2
916455070,188926.3
534451080,83897.6
528275080,194487.6
527425140,110648.0
908152080,134571.9
923425030,129912.8
902408080,197714.1
533208010,190176.5
528180140,360522.5
534402170,188007.1
905475160,123750.0
535152200,141532.9
909280070,186491.3
535450190,131809.7
909475070,244900.2
534453140,95891.5
902106120,92854.5
907401050,198777.7
534200030,113823.8
909131170,126269.7
534201260,147699.6
535327140,110363.8
902134060,103716.2
534128210,242289.8
535325320,132492.2
528480160,202427.7
527210040,444265.2
906201120,234522.0
905451330,157354.2
535176100,161889.0
907230240,141363.2
528106070,325414.1
528102050,373209.5
907130060,176053.3
528456180,229889.9
535475010,151830.0
528280110,174635.4
911175410,57327.7
903425340,110392.8
535452090,126214.1
535404080,119068.8
923277080,132730.0
527427230,200539.9
527451410,95337.1
909275050,165701.1
904302260,97692.7
531363020,138070.6
902402010,154050.0
527302210,223314.0
909475230,254468.9
527405180,119962.6
903233030,124183.2
534453080,115822.7
910226040,144014.5
902105060,116869.3
903430080,117062.4
528228450,188341.4
528142020,271896.2
533254110,191623.5
908103280,146514.2
905200340,192978.5
533135020,209072.4
907412040,192510.4
906420020,218375.5
902305110,145551.4
533208090,179185.4
535402140,175834.1
909201180,106847.2
531369060,180877.0
905478140,136006.7
535302120,145447.5
535453080,152928.4
924151050,214747.3
906201030,175753.9
903231010,128634.3
528180110,364310.6
906392130,176983.7
531385020,202032.5
531375120,163165.0
916382100,383947.4
909101190,136864.2
906225180,202614.8
534202170,144824.2
910205010,131779.9
528328100,327801.2
534451170,80396.7
528490040,226763.3
904301410,102213.4
527216050,377920.3
527452190,144575.3
905104110,138017.1
531363050,138619.2
528315060,245095.5
534252040,141395.3
902106060,138982.5
902134100,77051.9
534403370,162599.7
528188040,179104.8
535403030,129851.3
907253060,242612.7
903232090,145369.4
909175100,163761.6
905100020,136592.1
908152060,132535.1
531382110,184904.2
908102320,164979.4
903232030,88103.7
910226060,138002.5
535402120,169366.9
916384100,250077.9
535456010,130358.1
533217060,158593.9
902406090,130256.2
533252130,204925.0
532354150,135478.9
906223180,210108.1
527452290,149671.5
907260040,196989.2
909252010,158682.1
535353050,139352.6
906340100,331853.6
908188130,138677.3
535380010,158653.1
903450060,146317.0
923275090,130396.1
903233050,132273.9
528150080,375567.4
907192120,208402.6
907202160,149425.3
916402015,187338.2
535425070,177729.2
526354070,187953.8
527212030,468716.7
903429110,136117.9
528175010,218527.1
527359030,160011.2
916460020,194431.4
916403200,207888.4
907254020,246768.2
527402220,129866.3
907227050,124667.4
906223110,231475.5
528363070,325065.5
914476330,194401.4
534127170,174884.3
527358090,174669.9
528186130,354285.9
906476140,146542.0
909279010,207979.1
528235050,194344.2
535380140,142493.9
535175180,138606.5
903228090,113223.0
528172080,271148.8
904301070,155994.9
902300090,97312.3
535327160,130275.8
907280090,245078.7
535175050,137874.8
902106070,123516.0
910205020,88279.8
527158020,176002.9
528235160,211070.3
528275160,251913.7
527354050,186614.3
905480030,106854.7
534102025,241100.2
535457090,144158.7
526302110,118885.8
532377140,127742.0
533253030,188750.1
923225390,123424.7
923228250,87047.0
535305030,122402.2
906226060,148490.9
535402100,147029.7
906394050,190570.2
906426060,272810.4
534152120,163315.1
907135170,144975.5
528118060,369945.1
903452025,93911.9
533254050,209611.4
902456015,61912.0
903202170,138294.7
908225170,88571.8
908250090,110284.4
534450150,83459.4
905377050,93568.7
534450180,121927.4
527166010,228667.7
527325090,194659.3
907202220,125523.2
907295100,243298.6
527165230,175794.7
904351280,118579.9
535354100,134643.3
535154130,151898.9
907203090,121719.2
528290010,207254.7
905105040,119649.6
534202130,147177.0
528490070,208017.6
528108120,358075.9
535426130,176972.3
531363060,140578.1
527145080,184041.8
906223040,219752.4
903228070,108202.7
528110010,409698.5
902305010,141704.0
527450210,100832.7
923203090,162281.1
905427070,212162.0
533223080,159615.4
907125040,151749.6
534428100,149089.4
914475010,142877.1
907265100,204790.7
528118030,442694.4
923225510,137218.5
906426195,251701.2
527404030,139435.4
902125160,78809.4
903484080,94696.1
905478190,107441.2
534275060,122412.5
528228550,172456.9
534201300,130675.0
911103050,74194.0
907203070,119919.9
535382130,154622.6
906382050,251035.9
909254090,176674.6
904100170,131227.2
531384030,191791.9
535106140,116117.1
535353190,129810.4
907412020,193293.8
527378140,167027.6
535177110,161389.3
533221110,177532.7
906201200,281766.8
533212050,159400.0
532377130,138298.3
905101330,113657.9
534225110,130319.6
902103090,112462.7
916176125,248266.6
534175140,140238.2
533253090,186288.1
902206020,70511.8
905352030,198598.2
909275310,222118.1
528429060,256208.6
527404180,107509.6
905103040,167177.8
906382040,214915.1
534403280,155375.6
909451020,123268.9
527302185,269647.0
906201022,204542.2
909276210,170955.1
534175010,138897.6
903481100,73614.6
902107050,134163.4
911103060,112968.1
916382120,310009.6
902325070,123746.6
907176010,196230.4
527163010,176219.6
535151130,145556.4
527140090,212235.6
923203140,164314.2
533253180,204850.4
531375060,136498.3
923225240,128841.2
533215070,261195.3
535454050,87762.6
528344100,325760.8
906226080,147981.6
916226030,210343.5
527451650,114788.5
534151175,255990.0
528240150,193212.4
907401080,213573.0
533213070,160787.1
533212010,148585.7
528390100,367280.1
531451030,199874.7
907290260,246595.9
527353080,173968.7
907280170,216707.3
910203230,85200.9
916386010,223995.8
528110100,404030.2
526353050,221199.8
905427050,168096.4
528480070,271785.4
908102170,146170.1
535180100,138986.4
535451190,108571.1
902401010,111813.0
533213040,160039.7
531452080,178243.0
531375110,163094.5
528222080,166293.4
534478140,137170.7
531380110,191181.8
535456050,117595.4
527404150,110249.1
903225150,82029.2
910206010,63576.5
923226180,81255.5
534125080,156354.5
914478100,156800.5
905109130,266416.8
534152050,222163.2
923275040,170379.1
526352080,170124.7
906475170,226141.2
534201130,130961.0
532479050,141399.0
531451290,189830.1
534400050,161359.1
527358120,162227.5
924151040,262343.1
911102170,84668.8
907410100,185328.7
527355060,177847.7
903227070,128292.5
535454030,88412.4
905106170,126462.8
528480100,191674.5
528456240,207723.1
904302010,115936.6
528120120,303777.0
535305120,150117.5
905102010,159717.4
528427100,283007.3
527105070,186000.1
535403200,116668.7
527451180,100032.2
923251160,118163.8
914460020,205353.8
905300010,129321.5
534104090,236388.2
527301320,247210.1
534276010,115667.4
528150110,365681.8
908102260,146983.1
923225150,108387.5
905107280,151347.5
535451050,111858.9
907196040,209823.0
527376090,150142.1
906223220,202259.0
907290240,141671.5
527452060,126268.0
528186120,302027.8
527451460,106097.0
535477020,158207.5
528480170,262626.8
535402230,150574.0
527425035,113270.5
532377100,131201.4
527355150,283167.7
908152280,162027.7
528326110,300515.6
527453010,153825.5
535152130,137150.8
923228210,80707.3
534126090,167755.8
902105010,107145.1
923203100,174337.4
903228080,136869.5
903426200,142012.1
528176070,329325.3
535450180,81933.8
905226110,149327.2
923400125,124727.3
528118090,450120.0
923226270,96677.2
916125425,209382.5
528458090,188201.9
535176050,145049.8
905451320,124761.8
906394010,206577.1
535402220,184196.8
907200250,147872.9
535302200,122700.0
535327230,122473.6
528221070,177084.8
533212140,151672.9
908225320,131066.0
534276230,170637.7
909275040,151120.3
528150090,400495.7
902204060,118973.3
534276070,135647.8
907412010,193877.2
923227030,151272.1
531452260,168742.3
534475185,158349.4
914475030,173952.1
527358200,181219.3
528253020,225378.0
528142060,305307.4
916477020,340403.2
535180070,139713.6
528445060,233644.2
906380120,200045.1
907265010,192654.7
535455080,118543.0
528364110,304691.9
909251040,160075.4
527165010,175940.6
528102080,432410.9
923229040,159224.1
527163020,179198.1
527455090,117663.2
907187040,224538.1
528344060,262693.3
528228325,187360.0
535301010,151906.6
905480150,80986.5
904100100,203131.4
534429150,171663.8
534479140,168383.4
905476160,129269.1
528175050,217650.2
916384150,261915.1
532378200,138132.8
909101330,52888.5
909276010,192930.9
905107110,172624.2
528174050,197322.3
532378110,141236.7
528290170,191849.1
534401130,155014.2
528221050,186631.7
531451110,133548.8
909475140,250098.1
907262070,187037.6
527455080,152540.5
531452050,124229.5
527425110,117439.3
909250060,180242.4
535180120,135851.8
923225310,105140.8
534128190,230928.7
528280130,193599.2
907251100,245564.6
527451170,123825.7
902105050,121654.6
534250400,192464.8
533250160,289747.0
907280100,275034.9
909101180,108645.2
535380110,102906.4
531477020,84177.7
907425035,158346.8
907192090,208898.6
535379100,132638.6
923203010,148599.8
923229140,194853.2
902110090,148144.7
910200040,109294.6
526354020,192871.2
528315090,333776.1
909276160,257560.7
528480130,217069.2
903227020,125530.0
905480210,118720.0
907425030,152142.3
528228285,168404.4
905378040,137770.3
907290080,242922.4
909252020,136902.5
535304170,127316.3
532476080,286398.1
527403360,118494.8
533223010,163825.7
905200090,121093.5
527161090,187323.8
535375130,111697.5
535453160,123619.0
528346050,339454.0
908152070,150151.1
908188150,141343.5
531375070,149984.8
902204120,138514.0
907194160,199610.5
907200230,118098.8
909253080,161370.8
902128075,110400.9
907194010,205984.2
909100150,113241.5
903456090,84821.2
535353140,115240.5
534177230,203871.3
903450110,108816.7
906223140,229918.0
528431110,297747.7
916176030,163139.6
906475110,191537.7
905226170,154732.3
528365060,332356.4
907418010,229027.6
905403050,111181.5
528104050,431806.7
908201110,78479.1
914476450,190890.9
533208050,214993.7
909426080,182746.2
902107030,134188.5
916455120,230211.4
