PID,Sale_Price
906380180,192418.9
902205010,45689.8
902100110,165782.5
908154080,223495.6
903475040,120512.7
907290020,254990.0
535401080,167525.4
527355150,290117.7
911370450,291892.0
533250130,260573.3
907135180,124480.4
902106040,170011.9
907420050,182227.3
528228455,170047.1
905426030,173662.9
534225120,147015.1
903429010,114588.5
902109110,199766.0
531452050,123862.1
534453080,123156.8
531376010,175712.5
531452020,124105.4
907192090,209177.0
526351010,157701.7
534204120,149614.7
528174080,217473.3
908276230,115130.7
908152110,152662.2
528458150,309128.9
532477030,193259.9
535305030,121334.8
533208070,166187.6
905201120,158935.9
527158090,179287.0
907412090,196853.1
528142060,319160.2
916403130,238130.4
528120090,246364.2
905100020,127685.2
533253060,161262.1
924151050,220370.8
906392120,301452.3
905225090,187910.1
535126040,243682.5
907181090,199600.6
534276360,118138.5
527252070,258887.1
905452070,105236.4
527356060,164115.1
909175050,201699.0
528218060,169876.8
903476030,127369.1
907252190,263100.8
923203110,157873.9
528435060,257214.4
905225020,167500.1
905351045,189529.1
905325020,257232.5
907255010,222536.5
903427090,152550.6
923228390,74183.0
535402100,139796.5
909101190,133197.0
535175050,144188.3
531477020,85104.8
903454090,126313.9
528228415,170671.6
534430080,141883.6
905478140,136016.3
907202080,139531.6
903228070,108241.5
907290260,259125.0
531375100,170206.1
534429030,94195.0
531452210,147957.8
528186110,289845.7
914476130,161650.6
535401140,140988.1
906226090,128230.4
902207220,256861.1
531379030,186220.5
907405020,213623.2
903481120,119368.8
531375070,140064.1
535453180,137146.5
528106060,326261.5
535456010,131135.9
528108010,255019.8
923229040,146521.7
908102270,170243.6
535425050,155652.0
533221060,164169.7
528431020,268222.9
535354200,152228.1
907203110,143606.0
903202170,148197.1
908188140,138705.7
907425010,143533.8
908186090,140697.4
531382110,182205.3
527354050,179268.9
534125210,156764.5
528218140,228834.0
534403260,119587.3
905450020,150752.9
533253090,193004.0
907251100,256468.8
527404020,131413.3
909252220,147147.8
907290180,141284.7
923203090,154371.2
534403410,159925.7
527455270,107880.4
907251090,249725.1
907414070,183682.0
909250210,113673.7
923252080,122652.8
527216070,439065.3
528382020,320295.2
535453100,129133.3
527226010,156982.1
904101110,176094.2
916386010,207606.2
528250070,197937.2
534276160,126017.9
527357180,271952.4
528456180,240335.1
531451110,125124.0
904351280,124313.4
527425025,116709.1
903231240,98394.2
527162180,168153.7
528387030,280989.2
907187010,228142.9
532377060,113699.9
903400040,172950.6
534427010,161964.3
905451300,116673.4
535453070,165854.1
533208010,208639.5
533241010,205519.7
903233080,155016.6
902427140,94334.0
534151180,238190.8
527359070,187414.2
906380110,227002.2
527107090,181961.3
905200260,154459.9
906378110,220506.4
903233140,131218.7
907253110,225946.9
532476050,269830.1
909428190,222036.9
907285010,234714.3
905452150,134502.9
905426060,78027.3
905200350,155681.4
528186080,285607.9
533242090,297376.2
907412080,185779.5
535301170,154632.5
528250010,177658.0
908128050,139735.5
902107050,128449.7
907275080,247161.0
528280230,220531.6
908102100,138191.8
902125020,105230.4
528250060,179151.6
535402070,136336.2
528228295,211699.3
527455050,146199.8
527455090,126548.0
528427100,262185.7
916475100,314394.6
908275290,120958.9
534125080,143462.3
528477050,362060.1
902306120,132053.2
907200270,141040.0
907180040,194676.4
907201060,149891.7
903454080,122314.7
905108120,153556.7
907202160,147447.3
907280040,215687.0
911370520,275944.4
527366030,216545.6
527110120,177707.9
534451050,114519.1
531452070,165016.7
528458030,218255.5
527214030,400946.8
904101070,222678.7
914475090,172737.2
923426070,135961.9
535457050,108194.5
527358090,171126.1
535378120,120730.6
531451150,130069.2
907275140,290182.4
907192120,214720.8
528477020,256924.4
535302120,144506.5
535403190,158750.1
534403290,212800.9
535383110,100571.7
909256060,115574.2
908103090,117849.2
528106050,455696.1
535475020,157169.2
528112150,251979.6
906204180,220468.0
905226080,166676.7
923225390,121758.9
907285050,190639.6
906340080,349891.6
535353180,201784.3
528228445,188111.9
528480170,264873.1
902400090,94166.8
527405130,111411.5
908226180,84708.9
534450110,70216.4
923228210,78790.6
907181120,189488.9
535301080,120617.2
527454130,139455.3
903458010,97714.0
908250040,106746.8
903204095,97499.5
528429080,288162.5
902103170,95131.3
528142090,303885.6
527356020,262564.3
528120010,290797.5
535376100,98989.6
534276010,110981.0
535151080,136733.1
528222010,278573.6
531375110,156861.2
903236200,112273.4
909280030,232364.8
903401070,139623.5
527356040,154430.1
905202210,167800.0
916325080,283421.4
533215020,284363.2
911204100,77957.2
903475060,112683.4
528142010,306245.0
527401160,130529.3
527302210,207997.2
528175050,219094.2
903231070,126632.7
528186180,218025.5
907285080,213486.1
916384100,250383.0
531452080,180258.0
528172030,298534.0
902205070,49583.5
535450200,111773.3
527146010,243516.4
534250410,186949.1
906380120,198973.1
534201230,128222.0
916403250,237189.7
906230010,302942.9
923228230,83740.0
906223080,221188.1
535350040,136823.4
528228340,203676.4
905103140,156230.4
906223220,216605.1
909250080,116862.1
534176140,163732.2
906378190,180725.7
909275250,143854.5
533128090,288949.6
907260040,189816.1
908201100,87293.8
532477040,277226.8
528292060,227032.7
528170070,264897.6
527452190,143735.8
534475250,197297.3
533254110,178767.9
907202220,139649.8
907126030,158876.9
534175080,198646.3
908128060,186274.3
528221050,195459.1
533208030,234158.8
905401100,209132.9
527451550,108458.2
902330010,140157.4
535301150,136219.4
906200230,168432.0
902202070,106285.1
923225200,118585.9
904351240,90158.1
909257050,245670.9
916382100,384753.0
923230200,127326.3
924100050,145244.8
902204120,133287.2
910205120,114084.1
527127150,212771.0
906402060,242668.4
535176070,145258.8
531369060,190306.0
528112020,289065.6
905480030,109593.4
527358120,160336.7
916455110,193134.4
528221070,182886.5
902136110,102739.3
527106050,169333.0
528344100,323699.0
903455090,133792.5
531451280,197177.9
534250300,181611.8
903231090,138122.6
902109080,116651.5
527326130,150265.1
908102130,101282.4
909425130,199180.6
903454010,130625.5
527359160,190134.3
905103110,123556.4
906380010,195578.8
902125160,79840.4
534252270,171675.7
534178010,129056.7
907405030,215132.0
528458140,278321.0
528228405,205031.4
533213040,166323.3
528382030,219749.0
909426080,199861.4
902106010,145710.7
906380170,198400.7
914476380,177321.9
905105200,132854.3
534403280,151771.8
528358010,250125.4
527162140,214767.9
528120120,308965.4
527353060,244571.7
903453050,132669.7
905352030,220551.3
905401020,267523.9
911226010,87354.8
532376110,126648.0
923277040,142938.1
903234220,134331.0
528174040,210259.3
535450190,122668.4
908186070,146561.5
908225180,98887.8
909177100,126793.0
528292080,252842.8
527328020,144935.8
528363110,359631.2
905402090,175324.0
909276110,166125.5
905107110,158021.7
534126060,191375.9
528181050,211283.9
531452140,159468.0
902103120,132317.9
905478190,98081.9
534401130,165532.9
534476080,138597.8
903200080,222453.4
904100020,106417.5
535450310,158928.2
528181060,221725.5
907410050,202505.2
528482030,257619.0
902402250,131715.9
528221100,179906.3
528164060,529552.9
527105060,185419.6
528235200,174800.1
533234020,227170.6
535402330,200017.8
527328050,156379.6
535178120,131550.8
902205130,88673.4
527376110,170890.5
527425140,114274.7
535102010,154771.4
535179060,173193.4
527302175,175901.5
526302120,190272.5
903228040,148429.4
535152070,130587.3
535152050,209642.6
906392110,249034.4
528110080,334728.5
534128100,154554.6
921128020,341150.6
528363050,333748.3
923227100,142053.8
905109130,305526.7
904101170,120817.5
534252110,129691.1
902108060,110872.6
902207110,72409.2
902329080,133436.0
902301140,90537.0
902109010,98350.9
527131030,257339.1
534201250,156824.5
902128075,104365.7
923230190,129837.6
527165230,182180.4
905480210,105380.1
528120100,236064.5
533252020,166196.9
907420060,179049.0
908128100,184238.0
534176230,152591.4
906420130,245592.4
905101260,162010.1
906380200,188829.9
906223090,223605.6
907405140,202249.3
906223180,219178.5
923226320,87665.7
903454100,151002.1
916402015,187815.2
528112010,258102.5
907175100,192448.4
526354020,210612.5
905451320,130519.0
907227300,127349.4
533244040,334689.1
903228120,123813.0
534278190,116777.1
908128110,181659.5
528480110,196142.8
909254070,167445.7
908227030,104724.5
902109160,110601.2
528174020,199924.4
910200040,115363.5
906340100,339409.2
905476230,130799.7
533236070,210650.9
903226170,137449.7
923225150,102220.9
902106070,119662.1
905427030,304632.2
916402215,193087.5
905352010,211567.6
527404140,116868.9
535454100,130132.8
907230240,140768.6
903230100,105215.9
528482020,261919.0
905475160,118333.5
527302110,222387.6
911128020,102532.6
534425080,180372.6
907418020,174048.0
535377100,92349.9
535477180,111661.7
923225080,120684.0
528188150,179282.5
907254050,203873.5
534252090,188712.0
533236060,201317.4
903451110,125715.5
905225040,134490.0
908103320,147450.3
908127060,131864.0
531382120,208392.9
535402180,112901.8
527353080,174904.7
909275160,143311.0
903206070,138840.5
906201120,231836.4
535152060,130279.8
528108070,360111.5
910200080,113071.4
903430130,63762.2
527364030,236122.3
534403050,147060.7
908152100,131554.0
902456015,60053.4
909253180,147293.7
903201090,121397.5
528275070,226089.3
528480160,203789.3
910207110,92957.8
903456110,206007.0
923202134,128226.5
528168030,305449.1
534177230,207083.9
907196050,211473.9
528429050,237791.0
534128010,227221.0
534451110,115937.2
905352140,249462.5
535104020,160674.3
535300040,125506.8
535125010,253222.5
528228375,244756.0
528358040,263127.3
904350045,99914.0
916384050,216162.6
908276140,99703.4
908154195,483740.9
916382010,208796.0
531380110,190050.3
909100110,122991.5
527451110,120183.5
905200090,117863.1
906475100,215629.8
527427090,137109.3
528290180,180736.9
535380110,95996.1
905452140,151490.7
909254100,155024.4
921205070,301589.6
535426130,178906.6
902402260,61689.5
535477020,159229.6
535302200,118577.5
527328010,152849.6
903481100,77898.4
535451100,101645.6
528228580,222311.5
528326060,260576.1
535106140,108851.4
907280100,296180.1
535375010,89803.1
903227020,131330.5
528458110,256108.8
535452120,143286.0
908152060,124625.4
533221110,174002.7
528108150,286130.0
533350020,351391.9
902110120,120825.4
903230110,108847.7
535476370,179921.7
902406070,155184.2
905475500,75809.4
907175080,216458.9
527107030,178818.3
906380140,188107.4
528218090,171972.2
923202005,195326.1
907410020,180139.0
908102260,150475.8
528181070,223310.2
905104170,110989.4
907176010,202459.5
527355280,203393.7
905101070,99133.3
532376090,136471.5
535451050,111095.0
528116010,334424.4
906380160,186952.4
533205110,223264.8
535377090,129542.0
907200250,157245.2
902110010,98335.1
921201060,318282.9
528477080,230845.2
528221060,177369.3
905107300,169344.7
527108070,361725.6
908228010,114828.9
533251120,163610.5
908201110,83622.1
902327040,121345.3
909278020,132071.0
916326010,236489.2
534479240,145394.4
535403030,133600.5
528106120,260484.9
527184110,219263.4
527450220,111487.1
914478110,175688.0
903484110,129110.1
909101010,138282.5
528228555,181176.3
528180080,273503.3
902206020,67892.1
527368020,205038.9
910203090,111192.5
905377010,133352.4
535103050,221039.1
923275040,160427.3
527450010,108522.3
903204030,129778.0
902207010,106233.9
903233100,127130.2
533223050,151216.1
923201100,138780.9
909178160,146582.5
905452040,144488.3
528118020,327233.3
909177120,152017.9
905201020,135383.1
904302260,113230.5
527402150,135547.0
923230010,169907.8
531376030,188990.9
532378160,131457.8
905107140,147012.1
907253130,345951.6
532354010,139600.2
905107310,139276.0
905427050,170254.5
914465020,238902.3
527276150,113685.2
528363020,330882.8
909451140,122174.3
906340110,297781.9
528458040,233638.3
916380060,271316.8
910200060,137362.5
528290090,161099.5
911225110,60849.0
916325040,206532.5
527145090,196817.8
527180100,173916.0
534201260,134430.2
904100030,122022.1
535126010,195995.3
916403040,177468.1
533223010,172185.4
907187080,189004.7
903232060,101731.8
905325030,227104.7
905228020,95900.0
911370460,269502.3
903476110,94590.7
527161090,181714.8
907181100,198679.6
910201110,96820.3
906426210,258018.9
908102050,103351.1
905402070,113569.2
914453045,286194.3
910203290,107179.9
903206120,185614.9
528480040,256124.5
534177210,161334.1
528120140,370022.8
528228435,191616.6
903235020,99544.9
534129370,138757.7
907412040,193658.7
906475110,241110.5
902305110,148713.7
527403040,154136.3
906392130,177717.5
908102060,70284.6
905426150,210951.0
528431050,273532.2
533215030,247670.2
528275060,177816.4
527451380,119418.7
534427140,149291.7
909101050,120750.1
909425140,275024.2
907200230,122438.3
908154205,484962.0
907412010,194885.8
909250070,162460.8
533221080,171565.1
527450520,106736.6
923250060,164488.4
528222030,184362.7
905201090,161845.6
535451110,130863.7
910205010,143625.9
528351010,511415.5
909254010,153765.7
528228270,193613.0
907401080,207999.4
907192030,183718.2
924151040,275350.4
528480100,195744.8
528346050,321789.4
528104080,441480.8
535154080,156504.3
527404030,141934.8
908228040,122308.4
902302150,127327.4
528221030,177626.1
535456100,112465.4
528439060,245023.6
528435010,225102.7
535105100,172078.8
907290080,229858.2
906380100,286453.5
903225150,81428.3
914460020,190034.6
527108060,303253.8
902300020,182485.4
528142050,342326.1
535304170,130787.2
903481010,92334.5
533213140,172415.3
527375210,152537.8
528235160,213154.8
535478070,137060.6
905480180,119796.7
527163020,169319.3
535325450,138784.0
905106150,127858.6
534129230,165820.8
534478140,129330.0
908275220,122132.4
916384070,242820.2
909275030,157483.6
907203060,122597.6
909250030,105507.4
903232030,86050.6
923230120,118871.4
534127170,184777.8
906204140,217932.8
531363040,149074.4
527107010,182894.7
902100020,111090.4
903481130,90733.3
528363130,340220.4
527212050,345552.0
911128010,101218.7
905452160,145900.4
534152050,215129.4
923252100,127379.5
534200030,119335.1
535450100,141283.8
902300090,94226.0
903457130,114777.5
902330090,199861.4
534152070,202448.7
535327140,106741.6
533206070,235846.4
527365010,268615.5
527325110,200513.7
535425060,183286.6
907203070,131161.4
902331010,54928.2
914452190,139893.2
535403150,157279.0
535426150,122872.8
527325160,250691.3
906382020,213375.4
907425035,155015.1
905108190,134321.2
533242030,230619.2
906392090,256362.7
902301150,107296.4
907135040,151105.6
905105170,120586.2
903231010,127881.9
905351150,213056.7
923275200,139504.1
907255050,275301.2
528322020,363048.3
914476430,160356.7
533210020,168357.7
923225190,103524.6
528186170,202180.5
535177020,119422.8
534175140,145460.3
909276070,180381.9
909103020,93075.3
909452114,216384.8
535403040,106695.5
910206110,102724.7
914476010,169499.6
528456190,214703.8
906204150,257556.7
527110080,175801.4
528120020,272110.3
902128100,110366.7
534428060,124347.6
534403080,192308.5
916403290,213517.1
532479070,198767.5
903426180,131235.3
903484020,138971.5
907254020,249014.6
533241030,242907.2
534400050,158330.1
527165170,174835.5
909101080,87382.7
528482040,275983.1
527127140,278765.1
527450030,108458.6
528188020,191093.7
535302070,126996.4
527451290,90702.0
905475270,110676.0
533213010,238560.7
535106180,128872.6
533254050,211905.4
533208140,185463.7
528458090,184484.4
907125080,155030.3
907131060,174631.2
535180030,129076.1
902404010,135094.3
528366050,350747.2
531452010,124681.4
916382120,295199.5
528435050,294927.3
528431110,293788.8
528166150,338831.6
534152100,179007.7
528315030,320800.1
527108020,235229.3
528228275,195237.1
905100060,133561.2
527145080,199234.3
923225370,101123.5
527451400,88894.9
528458060,199290.6
527183060,220830.2
528102010,371617.4
903233120,131875.7
923202105,175541.6
527451410,95041.9
902303100,152911.1
909252010,160304.3
532354090,152710.1
528228285,164031.9
903233180,130456.0
534176060,174103.3
902104060,93551.6
535454050,81664.1
923229110,178074.1
534477110,154426.1
527108010,292415.7
534450150,100146.5
905403150,142416.4
910200110,131051.1
533213070,168120.0
535426195,206133.0
905451340,97506.2
911370430,335606.1
923225510,135687.8
903225040,136646.7
535402140,179120.9
527405160,109372.1
907285100,234441.0
905200220,124322.2
533125120,402038.2
535476360,214482.3
527450460,112607.7
903475020,111082.8
528365090,313445.5
902401030,148463.0
921128050,381985.1
528221040,204484.4
535126140,221683.4
527164020,153663.0
535382100,162025.8
528231050,188267.8
528186030,281723.3
902201090,127082.5
905104240,129289.8
527450080,123676.7
905226050,151039.5
531384070,196090.0
535381040,151562.7
532378240,119876.7
906223140,231314.7
903401020,173240.3
